image_width: 1296
image_height: 1032
camera_name: narrow_stereo
camera_matrix:
  rows: 3
  cols: 3
  data: [1088.846588, 0.000000, 626.084147, 0.000000, 1087.967218, 526.165445, 0.000000, 0.000000, 1.000000]
distortion_model: plumb_bob
distortion_coefficients:
  rows: 1
  cols: 5
  data: [-0.375675, 0.144816, 0.000659, -0.000028, 0.000000]
rectification_matrix:
  rows: 3
  cols: 3
  data: [1.000000, 0.000000, 0.000000, 0.000000, 1.000000, 0.000000, 0.000000, 0.000000, 1.000000]
projection_matrix:
  rows: 3
  cols: 4
  data: [925.942505, 0.000000, 618.022432, 0.000000, 0.000000, 987.832092, 529.079813, 0.000000, 0.000000, 0.000000, 1.000000, 0.000000]
