# oST version 5.0 parameters


[image]

width
1296

height
1032

[narrow_stereo]

camera matrix
1088.846588 0.000000 626.084147
0.000000 1087.967218 526.165445
0.000000 0.000000 1.000000

distortion
-0.375675 0.144816 0.000659 -0.000028 0.000000

rectification
1.000000 0.000000 0.000000
0.000000 1.000000 0.000000
0.000000 0.000000 1.000000

projection
925.942505 0.000000 618.022432 0.000000
0.000000 987.832092 529.079813 0.000000
0.000000 0.000000 1.000000 0.000000

