# oST version 5.0 parameters


[image]

width
1296

height
1032

[narrow_stereo]

camera matrix
2707.290738 0.000000 683.844302
0.000000 2701.169945 584.103037
0.000000 0.000000 1.000000

distortion
-0.309046 0.212519 0.001500 -0.000087 0.000000

rectification
1.000000 0.000000 0.000000
0.000000 1.000000 0.000000
0.000000 0.000000 1.000000

projection
2659.013428 0.000000 685.069498 0.000000
0.000000 2668.405273 586.074781 0.000000
0.000000 0.000000 1.000000 0.000000

