# oST version 5.0 parameters


[image]

width
1296

height
1032

[narrow_stereo]

camera matrix
1386.042262 0.000000 653.098135
0.000000 1386.162092 540.256008
0.000000 0.000000 1.000000

distortion
-0.407635 0.261417 0.000743 0.000323 0.000000

rectification
1.000000 0.000000 0.000000
0.000000 1.000000 0.000000
0.000000 0.000000 1.000000

projection
1262.071289 0.000000 654.460129 0.000000
0.000000 1306.153809 543.719598 0.000000
0.000000 0.000000 1.000000 0.000000

